
state={
	id=428
	name="STATE_428"
	resources={
		chromium=24.000
		steel=93.000
	}

	history={
		owner = SOV
		victory_points = {
			6181 3 
		}
		buildings = {
			infrastructure = 4
			industrial_complex = 0
			arms_factory = 0
			6181 = {
				naval_base = 8
			}
			air_base = 0

		}
		add_core_of = SOV
	}

	provinces={
		3 15 18 26 36 40 60 74 80 86 90 92 94 98 116 127 134 138 142 155 157 170 176 178 2994 2998 3008 3012 3033 3067 3071 3078 3084 3121 3134 3142 3144 3170 3189 6021 6029 6057 6070 6090 6094 6096 6098 6106 6117 6140 6157 6159 6169 6172 6175 6181 6194 9039 9045 9059 9074 9078 9082 9115 9118 9119 9123 9158 9162 9165 9179 9190 9195 9198 9201 9203 9215 9217 9231 11031 11045 11054 11062 11088 11092 11094 11096 11117 11128 11140 11146 11150 11153 11159 11175 11181 11183 11196 11212 
	}
	manpower=766564
	buildings_max_level_factor=1.000
	state_category=pastoral
}
