
state={
	id=439
	name="STATE_439"
	resources={
		chromium=8.000
		oil=10.000
		steel=118.000
		tungsten=14.000
	}

	history={
		owner = SOV
		victory_points = {
			4261 4 
		}
		buildings = {
			infrastructure = 4
			industrial_complex = 1
			arms_factory = 2
			air_base = 0

		}
		add_core_of = SOV
	}

	provinces={
		227 257 273 286 291 298 338 339 365 393 403 410 452 497 1210 1254 1258 1278 1305 1350 1378 1406 3196 3216 3246 3265 3276 3289 3316 3330 3348 3357 3382 3385 3404 3486 3563 4215 4261 4265 4283 4311 4322 4324 4354 4383 4411 6226 6246 6275 6285 6302 6308 6339 6352 6368 6379 6394 6404 6424 6473 6502 6515 7237 7281 7300 7343 7373 7416 7431 7444 9243 9271 9299 9337 9338 9349 9365 9385 9391 9420 9445 9549 10136 10142 10196 10224 10226 10256 10299 10301 11225 11240 11256 11273 11281 11319 11321 11348 11377 11389 11458 12117 12128 12130 12172 12200 12242 12270 12298 
	}
	manpower=3603736
	buildings_max_level_factor=1.000
	state_category=city
}
